4.723261
5.139117
5.039158
4.853430
5.304290
5.057596
5.434539
5.091292
4.717523
4.581009
4.995194
5.142694
5.088910
5.107907
5.045390
4.645148
4.622958
5.058863
5.471876
5.299962
5.452435
5.130602
5.183920
5.058830
5.164339
4.543259
4.757435
5.189484
4.703983
4.739871
4.781780
4.927244
5.378988
5.320938
5.280674
5.183278
4.878534
5.215213
4.774570
5.096057
5.296222
5.269764
4.738751
4.885132
4.877670
5.284141
5.030281
5.000628
4.843004
5.002157
4.800590
4.795440
4.632759
5.484509
5.354269
5.297098
4.527768
4.611704
4.986582
4.731751
4.851575
5.268362
5.158995
4.730564
5.089299
4.939669
5.413842
5.467833
4.654882
4.688412
5.063890
5.451104
5.458175
5.302642
4.836236
4.835845
5.086783
5.366517
5.336473
5.429787
4.868674
4.637063
4.725227
5.001432
4.621572
4.579496
4.798530
4.649340
4.691200
5.285112
4.881092
5.042776
5.053474
4.540087
5.273339
4.642773
4.979756
5.187181
4.610606
5.134638
5.375592
5.174496
5.085742
5.333768
4.977137
5.421978
4.669613
4.563920
5.288495
4.506086
5.493708
4.657169
4.643149
4.718934
5.158602
4.764722
4.798430
5.457132
4.914062
4.989630
5.242244
5.295154
4.532406
4.795717
5.335241
5.305745
4.938490
4.814997
4.992926
5.049096
5.449635
4.868518
4.723592
5.035377
4.702286
5.200729
4.957355
4.871899
5.264649
4.745851
4.877985
5.258357
4.903020
5.021134
5.477291
4.561622
5.285856
4.775721
4.518753
4.699918
5.265352
5.260997
5.495072
5.297758
4.556714
5.330313
5.103503
4.995205
4.645309
4.596429
4.544300
4.594944
4.964947
4.767892
5.130321
5.167233
5.468621
4.587676
4.539132
5.233271
4.833526
4.917117
4.991628
5.236546
5.438252
4.968919
5.298168
5.224108
5.244640
5.316921
5.424026
5.009992
5.077918
5.419098
4.807750
5.134633
5.249410
5.411253
4.629837
5.394720
4.507682
4.674138
5.489664
4.972629
4.942030
5.119984
4.639863
4.910651
5.207660
4.678995
